Results - ARR Data Hub (SYNTHETIC - not a real data hub export)
[STARTTXT]

Input Data Information
[INPUTDATA]
Latitude,-00.000000
Longitude,000.000000
[END_INPUTDATA]

River Region
[RIVREG]
Division,Synthetic Division
River Number,0
River Name,Juniper Creek (synthetic)
Shape Intersection (%),100.0
[RIVREG_META]
Version,SYNTHETIC
[END_RIVREG]

ARF Parameters
[LONGARF]
Zone,East Coast North
a,0.327
b,0.241
c,0.448
d,0.36
e,0.00096
f,0.48
g,-0.21
h,0.012
i,-0.0013
Shape Intersection (%),100.0
[LONGARF_META]
Version,SYNTHETIC
[END_LONGARF]

Storm Losses
[LOSSES]
Storm Initial Losses (mm),30.0
Storm Continuing Losses (mm/h),2.0
[LOSSES_META]
Version,SYNTHETIC
[END_LOSSES]

Temporal Patterns
[TP]
code,Juniper
Label,Juniper Coast
[TP_META]
Version,SYNTHETIC
[END_TP]

Baseflow
[BASEFLOW]
Volume Factor,0.24
Peak Factor,0.11
Baseflow Region,Synthetic
[BASEFLOW_META]
Version,SYNTHETIC
[END_BASEFLOW]

Median Preburst Depths and Ratios
[PREBURST]
min (h)\AEP(%),50,20,10,5,2,1
60 (1.0),1.1 (0.020),1.6 (0.030),2.1 (0.040),2.6 (0.050),3.2 (0.060),3.7 (0.070)
90 (1.5),1.3 (0.021),2.0 (0.032),2.7 (0.042),3.3 (0.053),4.0 (0.064),4.6 (0.074)
120 (2.0),1.6 (0.022),2.3 (0.033),3.1 (0.044),3.9 (0.055),4.7 (0.066),5.4 (0.077)
180 (3.0),1.9 (0.023),2.9 (0.035),3.9 (0.047),4.9 (0.058),5.8 (0.070),6.8 (0.082)
360 (6.0),2.8 (0.025),4.3 (0.038),5.7 (0.051),7.1 (0.064),8.5 (0.076),10.0 (0.089)
720 (12.0),4.1 (0.028),6.2 (0.041),8.2 (0.055),10.3 (0.069),12.4 (0.083),14.4 (0.096)
1080 (18.0),5.1 (0.029),7.7 (0.043),10.2 (0.058),12.8 (0.072),15.3 (0.086),17.9 (0.101)
1440 (24.0),5.9 (0.030),8.9 (0.044),11.9 (0.059),14.8 (0.074),17.8 (0.089),20.8 (0.104)
2160 (36.0),7.3 (0.031),11.0 (0.046),14.7 (0.062),18.3 (0.077),22.0 (0.093),25.6 (0.108)
2880 (48.0),8.5 (0.032),12.8 (0.048),17.0 (0.064),21.3 (0.079),25.5 (0.095),29.8 (0.111)
4320 (72.0),10.5 (0.033),15.7 (0.050),20.9 (0.066),26.2 (0.083),31.4 (0.099),36.6 (0.116)
[PREBURST_META]
Version,SYNTHETIC
[END_PREBURST]From preburst class

10% Preburst Depths and Ratios
[PREBURST10]
min (h)\AEP(%),50,20,10,5,2,1
60 (1.0),0.2 (0.003),0.2 (0.004),0.3 (0.006),0.4 (0.007),0.5 (0.009),0.6 (0.011)
90 (1.5),0.2 (0.003),0.3 (0.005),0.4 (0.006),0.5 (0.008),0.6 (0.010),0.7 (0.011)
120 (2.0),0.2 (0.003),0.4 (0.005),0.5 (0.007),0.6 (0.008),0.7 (0.010),0.8 (0.012)
180 (3.0),0.3 (0.004),0.4 (0.005),0.6 (0.007),0.7 (0.009),0.9 (0.011),1.0 (0.012)
360 (6.0),0.4 (0.004),0.6 (0.006),0.9 (0.008),1.1 (0.010),1.3 (0.011),1.5 (0.013)
720 (12.0),0.6 (0.004),0.9 (0.006),1.2 (0.008),1.5 (0.010),1.9 (0.012),2.2 (0.014)
1080 (18.0),0.8 (0.004),1.1 (0.006),1.5 (0.009),1.9 (0.011),2.3 (0.013),2.7 (0.015)
1440 (24.0),0.9 (0.004),1.3 (0.007),1.8 (0.009),2.2 (0.011),2.7 (0.013),3.1 (0.016)
2160 (36.0),1.1 (0.005),1.6 (0.007),2.2 (0.009),2.7 (0.012),3.3 (0.014),3.8 (0.016)
2880 (48.0),1.3 (0.005),1.9 (0.007),2.6 (0.010),3.2 (0.012),3.8 (0.014),4.5 (0.017)
4320 (72.0),1.6 (0.005),2.4 (0.007),3.1 (0.010),3.9 (0.012),4.7 (0.015),5.5 (0.017)
[PREBURST10_META]
Version,SYNTHETIC
[END_PREBURST10]From preburst class

25% Preburst Depths and Ratios
[PREBURST25]
min (h)\AEP(%),50,20,10,5,2,1
60 (1.0),0.6 (0.011),0.9 (0.017),1.2 (0.022),1.4 (0.028),1.7 (0.033),2.0 (0.039)
90 (1.5),0.7 (0.012),1.1 (0.018),1.5 (0.023),1.8 (0.029),2.2 (0.035),2.6 (0.041)
120 (2.0),0.9 (0.012),1.3 (0.018),1.7 (0.024),2.1 (0.030),2.6 (0.036),3.0 (0.043)
180 (3.0),1.1 (0.013),1.6 (0.019),2.1 (0.026),2.7 (0.032),3.2 (0.039),3.8 (0.045)
360 (6.0),1.6 (0.014),2.3 (0.021),3.1 (0.028),3.9 (0.035),4.7 (0.042),5.5 (0.049)
720 (12.0),2.3 (0.015),3.4 (0.023),4.5 (0.030),5.7 (0.038),6.8 (0.045),7.9 (0.053)
1080 (18.0),2.8 (0.016),4.2 (0.024),5.6 (0.032),7.0 (0.040),8.4 (0.047),9.8 (0.055)
1440 (24.0),3.3 (0.016),4.9 (0.024),6.5 (0.033),8.2 (0.041),9.8 (0.049),11.4 (0.057)
2160 (36.0),4.0 (0.017),6.0 (0.025),8.1 (0.034),10.1 (0.042),12.1 (0.051),14.1 (0.059)
2880 (48.0),4.7 (0.017),7.0 (0.026),9.4 (0.035),11.7 (0.044),14.0 (0.052),16.4 (0.061)
4320 (72.0),5.8 (0.018),8.6 (0.027),11.5 (0.036),14.4 (0.045),17.3 (0.054),20.2 (0.064)
[PREBURST25_META]
Version,SYNTHETIC
[END_PREBURST25]From preburst class

75% Preburst Depths and Ratios
[PREBURST75]
min (h)\AEP(%),50,20,10,5,2,1
60 (1.0),1.6 (0.031),2.4 (0.046),3.3 (0.062),4.1 (0.078),4.9 (0.093),5.7 (0.109)
90 (1.5),2.1 (0.033),3.1 (0.049),4.1 (0.066),5.1 (0.082),6.2 (0.099),7.2 (0.115)
120 (2.0),2.4 (0.034),3.6 (0.051),4.8 (0.069),6.0 (0.086),7.2 (0.103),8.4 (0.120)
180 (3.0),3.0 (0.036),4.5 (0.054),6.0 (0.072),7.6 (0.090),9.1 (0.109),10.6 (0.127)
360 (6.0),4.4 (0.039),6.6 (0.059),8.8 (0.079),11.0 (0.099),13.2 (0.118),15.4 (0.138)
720 (12.0),6.4 (0.043),9.6 (0.064),12.8 (0.085),16.0 (0.107),19.2 (0.128),22.3 (0.149)
1080 (18.0),7.9 (0.045),11.9 (0.067),15.8 (0.089),19.8 (0.112),23.7 (0.134),27.7 (0.156)
1440 (24.0),9.2 (0.046),13.8 (0.069),18.4 (0.092),23.0 (0.115),27.6 (0.138),32.2 (0.161)
2160 (36.0),11.4 (0.048),17.0 (0.072),22.7 (0.096),28.4 (0.120),34.1 (0.144),39.7 (0.168)
2880 (48.0),13.2 (0.049),19.8 (0.074),26.4 (0.098),32.9 (0.123),39.5 (0.148),46.1 (0.172)
4320 (72.0),16.2 (0.051),24.3 (0.077),32.5 (0.102),40.6 (0.128),48.7 (0.153),56.8 (0.179)
[PREBURST75_META]
Version,SYNTHETIC
[END_PREBURST75]From preburst class

90% Preburst Depths and Ratios
[PREBURST90]
min (h)\AEP(%),50,20,10,5,2,1
60 (1.0),2.4 (0.046),3.6 (0.069),4.8 (0.092),6.1 (0.115),7.3 (0.138),8.5 (0.161)
90 (1.5),3.0 (0.049),4.6 (0.073),6.1 (0.098),7.6 (0.122),9.1 (0.147),10.7 (0.171)
120 (2.0),3.6 (0.051),5.4 (0.076),7.2 (0.102),9.0 (0.127),10.7 (0.153),12.5 (0.178)
180 (3.0),4.5 (0.054),6.7 (0.081),9.0 (0.107),11.2 (0.134),13.4 (0.161),15.7 (0.188)
360 (6.0),6.5 (0.059),9.8 (0.088),13.1 (0.117),16.3 (0.146),19.6 (0.176),22.9 (0.205)
720 (12.0),9.5 (0.063),14.2 (0.095),18.9 (0.127),23.7 (0.158),28.4 (0.190),33.2 (0.222)
1080 (18.0),11.7 (0.066),17.6 (0.099),23.5 (0.132),29.3 (0.166),35.2 (0.199),41.1 (0.232)
1440 (24.0),13.6 (0.068),20.5 (0.102),27.3 (0.136),34.1 (0.171),40.9 (0.205),47.8 (0.239)
2160 (36.0),16.8 (0.071),25.3 (0.107),33.7 (0.142),42.1 (0.178),50.5 (0.213),59.0 (0.249)
2880 (48.0),19.6 (0.073),29.3 (0.110),39.1 (0.146),48.9 (0.183),58.7 (0.219),68.4 (0.256)
4320 (72.0),24.1 (0.076),36.1 (0.114),48.2 (0.152),60.2 (0.190),72.2 (0.228),84.3 (0.266)
[PREBURST90_META]
Version,SYNTHETIC
[END_PREBURST90]From preburst class

